distances = [1.999285894630464, 1.997355815157058, 1.9942260925952584, 1.9899179661135622, 1.9844457489042662, 1.9778254719527275, 1.970074512050466, 1.9612096104274996, 1.9512468949331723, 1.9402827058602377, 1.9284465165071953, 1.9158786273453494, 1.9028436705299263, 1.88959292714659, 1.8764094456078582, 1.8637016040200838, 1.8518500770238417, 1.8412066990896248, 1.8320669470592776, 1.8320669470592776, 1.9999999981397771, 1.9992858945281182, 1.9973558153224464, 1.9942260931984532, 1.989917965498181, 1.984445753225105, 1.9778254779645414, 1.9700745173877074, 1.9612095925410216, 1.9512468453320844, 1.9402826393996837, 1.9284464287279601, 1.9158785010609183, 1.9028434838585666, 1.8895926869115989, 1.8764092913643597, 1.8637017373063602, 1.8518494887358046, 1.8412055095127327, 1.8412055095127327]
frames = [2, 3, 4, 5, 6, 7, 8, 9, 10, 11, 12, 13, 14, 15, 16, 17, 18, 19, 20, 20, 1, 2, 3, 4, 5, 6, 7, 8, 9, 10, 11, 12, 13, 14, 15, 16, 17, 18, 19, 19]
times = [1200.7, 113182.4, 134059.09999999998, 140839.80000000002, 147475.1, 154060.3, 160758.40000000002, 168051.59999999998, 174798.0, 181764.7, 188906.6, 196902.6, 203993.49999999997, 211320.0, 218627.7, 226144.0, 233779.3, 241335.9, 249042.3, 250353.40000000002, 3869186.7, 1079.3, 7080.3, 14741.599999999999, 20882.800000000003, 26960.0, 33183.200000000004, 39211.9, 45341.799999999996, 51547.1, 57734.0, 64678.0, 71288.9, 77722.7, 84331.8, 91001.3, 98642.0, 105624.6, 114376.6]
